Point;1;50.0;50.0;0.0;0.0;0.0
Point;3;10.0;10.0;0.0;0.0;0.0
Point;4;10.0;100.0;0.0;0.0;0.0
Segment;2;3;4;0.0;0.0;1.0
Point;7;100.0;10.0;0.0;0.0;0.0
Segment;6;3;7;0.0;0.0;1.0
Point;9;100.0;100.0;0.0;0.0;0.0
Segment;8;7;9;0.0;0.0;1.0
Segment;10;9;3;0.0;0.0;1.0
Groupe;5;6;8;10
Point;11;207.0;175.0;0.0;0.0;0.0
Point;12;398.0;171.0;0.0;0.0;0.0
Point;13;308.0;255.0;0.0;0.0;0.0
Point;15;185.0;275.0;0.0;0.0;0.0
Point;16;304.0;326.0;0.0;0.0;0.0
Segment;14;15;16;0.0;0.0;0.0
Point;18;304.0;326.0;0.0;0.0;0.0
Point;19;429.0;265.0;0.0;0.0;0.0
Segment;17;18;19;0.0;0.0;0.0
Point;21;302.0;388.0;0.0;0.0;0.0
Point;22;309.0;463.0;0.0;0.0;0.0
Segment;20;21;22;0.0;0.0;0.0
Point;24;306.0;427.0;0.0;0.0;0.0
Point;25;381.0;390.0;0.0;0.0;0.0
Segment;23;24;25;0.0;0.0;0.0
Point;27;306.0;423.0;0.0;0.0;0.0
Point;28;195.0;365.0;0.0;0.0;0.0
Segment;26;27;28;0.0;0.0;0.0
Point;30;309.0;466.0;0.0;0.0;0.0
Point;31;283.0;504.0;0.0;0.0;0.0
Segment;29;30;31;0.0;0.0;0.0
Point;33;308.0;464.0;0.0;0.0;0.0
Point;34;356.0;517.0;0.0;0.0;0.0
Segment;32;33;34;0.0;0.0;0.0
Groupe;0;1;2;5;11;12;13;14;17;20;23;26;29;32
