Noeud;2;3;0.0;0.0;0.0
Noeud;4;5;0.0;0.0;0.0
Barre;1;2;4;0.0;0.0;0.0
Noeud;7;8;0.0;0.0;0.0
Barre;6;2;7;0.0;0.0;0.0
Point;9;220.0;156.0;0.0;0.0;0.0
Point;10;342.0;153.0;0.0;0.0;0.0
Noeud;12;13;0.0;0.0;0.0
Noeud;14;15;0.0;0.0;0.0
Barre;11;12;14;0.0;0.0;0.0
Noeud;17;18;0.0;0.0;0.0
Noeud;19;20;0.0;0.0;0.0
Barre;16;17;19;0.0;0.0;0.0
Noeud;22;23;0.0;0.0;0.0
Noeud;24;25;0.0;0.0;0.0
Barre;21;22;24;0.0;0.0;0.0
Noeud;27;28;0.0;0.0;0.0
Noeud;29;30;0.0;0.0;0.0
Barre;26;27;29;0.0;0.0;0.0
Noeud;32;33;0.0;0.0;0.0
Noeud;34;35;0.0;0.0;0.0
Barre;31;32;34;0.0;0.0;0.0
Noeud;37;38;0.0;0.0;0.0
Noeud;39;40;0.0;0.0;0.0
Barre;36;37;39;0.0;0.0;0.0
Noeud;42;43;0.0;0.0;0.0
Noeud;44;45;0.0;0.0;0.0
Barre;41;42;44;0.0;0.0;0.0
Noeud;47;48;0.0;0.0;0.0
Noeud;49;50;0.0;0.0;0.0
Barre;46;47;49;0.0;0.0;0.0
Noeud;52;53;0.0;0.0;0.0
Noeud;54;55;0.0;0.0;0.0
Barre;51;52;54;0.0;0.0;0.0
Noeud;57;58;0.0;0.0;0.0
Noeud;59;60;0.0;0.0;0.0
Barre;56;57;59;0.0;0.0;0.0
Noeud;62;63;0.0;0.0;0.0
Noeud;64;65;0.0;0.0;0.0
Barre;61;62;64;0.0;0.0;0.0
Noeud;67;68;0.0;0.0;0.0
Noeud;69;70;0.0;0.0;0.0
Barre;66;67;69;0.0;0.0;0.0
Noeud;72;73;0.0;0.0;0.0
Noeud;74;75;0.0;0.0;0.0
Barre;71;72;74;0.0;0.0;0.0
Noeud;77;78;0.0;0.0;0.0
Noeud;79;80;0.0;0.0;0.0
Barre;76;77;79;0.0;0.0;0.0
Noeud;82;83;0.0;0.0;0.0
Noeud;84;85;0.0;0.0;0.0
Barre;81;82;84;0.0;0.0;0.0
Noeud;87;88;0.0;0.0;0.0
Noeud;89;90;0.0;0.0;0.0
Barre;86;87;89;0.0;0.0;0.0
Noeud;92;93;0.0;0.0;0.0
Noeud;94;95;0.0;0.0;0.0
Barre;91;92;94;0.0;0.0;0.0
Noeud;97;98;0.0;0.0;0.0
Noeud;99;100;0.0;0.0;0.0
Barre;96;97;99;0.0;0.0;0.0
Noeud;102;103;0.0;0.0;0.0
Noeud;104;105;0.0;0.0;0.0
Barre;101;102;104;0.0;0.0;0.0
Noeud;107;108;0.0;0.0;0.0
Noeud;109;110;0.0;0.0;0.0
Barre;106;107;109;0.0;0.0;0.0
Noeud;112;113;0.0;0.0;0.0
Noeud;114;115;0.0;0.0;0.0
Barre;111;112;114;0.0;0.0;0.0
Noeud;117;118;0.0;0.0;0.0
Noeud;119;120;0.0;0.0;0.0
Barre;116;117;119;0.0;0.0;0.0
Noeud;122;123;0.0;0.0;0.0
Noeud;124;125;0.0;0.0;0.0
Barre;121;122;124;0.0;0.0;0.0
Noeud;127;128;0.0;0.0;0.0
Noeud;129;130;0.0;0.0;0.0
Barre;126;127;129;0.0;0.0;0.0
Noeud;132;133;0.0;0.0;0.0
Noeud;134;135;0.0;0.0;0.0
Barre;131;132;134;0.0;0.0;0.0
Noeud;137;138;0.0;0.0;0.0
Noeud;139;140;0.0;0.0;0.0
Barre;136;137;139;0.0;0.0;0.0
Noeud;142;143;0.0;0.0;0.0
Noeud;144;145;0.0;0.0;0.0
Barre;141;142;144;0.0;0.0;0.0
Noeud;147;148;0.0;0.0;0.0
Noeud;149;150;0.0;0.0;0.0
Barre;146;147;149;0.0;0.0;0.0
Noeud;152;153;0.0;0.0;0.0
Noeud;154;155;0.0;0.0;0.0
Barre;151;152;154;0.0;0.0;0.0
Groupe;0;1;6;7;9;10;11;16;21;26;31;36;41;46;51;56;61;66;71;76;81;86;91;96;101;106;111;116;121;126;131;136;141;146;151
