Noeud;2;10.0;10.0;0.0;0.0;0.0
Noeud;3;100.0;10.0;0.0;0.0;0.0
Barre;1;2;3;0.0;0.0;0.0
Noeud;5;10.0;100.0;0.0;0.0;0.0
Barre;4;2;5;0.0;0.0;0.0
Point;6;275.0;166.0;0.0;0.0;0.0
Point;7;334.0;168.0;0.0;0.0;0.0
Noeud;9;274.0;209.0;0.0;0.0;0.0
Noeud;10;310.0;219.0;0.0;0.0;0.0
Barre;8;9;10;0.0;0.0;0.0
Noeud;12;346.0;205.0;0.0;0.0;0.0
Noeud;13;309.0;219.0;0.0;0.0;0.0
Barre;11;12;13;0.0;0.0;0.0
Noeud;15;297.0;128.0;0.0;0.0;0.0
Noeud;16;241.0;161.0;0.0;0.0;0.0
Barre;14;15;16;0.0;0.0;0.0
Noeud;18;239.0;160.0;0.0;0.0;0.0
Noeud;19;240.0;218.0;0.0;0.0;0.0
Barre;17;18;19;0.0;0.0;0.0
Noeud;21;299.0;128.0;0.0;0.0;0.0
Noeud;22;372.0;161.0;0.0;0.0;0.0
Barre;20;21;22;0.0;0.0;0.0
Noeud;24;371.0;161.0;0.0;0.0;0.0
Noeud;25;374.0;220.0;0.0;0.0;0.0
Barre;23;24;25;0.0;0.0;0.0
Noeud;27;312.0;251.0;0.0;0.0;0.0
Noeud;28;316.0;322.0;0.0;0.0;0.0
Barre;26;27;28;0.0;0.0;0.0
Noeud;30;316.0;322.0;0.0;0.0;0.0
Noeud;31;262.0;382.0;0.0;0.0;0.0
Barre;29;30;31;0.0;0.0;0.0
Noeud;33;262.0;382.0;0.0;0.0;0.0
Noeud;34;379.0;388.0;0.0;0.0;0.0
Barre;32;33;34;0.0;0.0;0.0
Noeud;36;315.0;322.0;0.0;0.0;0.0
Noeud;37;380.0;386.0;0.0;0.0;0.0
Barre;35;36;37;0.0;0.0;0.0
Noeud;39;312.0;269.0;0.0;0.0;0.0
Noeud;40;297.0;269.0;0.0;0.0;0.0
Barre;38;39;40;0.0;0.0;0.0
Noeud;42;297.0;271.0;0.0;0.0;0.0
Noeud;43;300.0;282.0;0.0;0.0;0.0
Barre;41;42;43;0.0;0.0;0.0
Noeud;45;300.0;282.0;0.0;0.0;0.0
Noeud;46;312.0;282.0;0.0;0.0;0.0
Barre;44;45;46;0.0;0.0;0.0
Noeud;48;312.0;268.0;0.0;0.0;0.0
Noeud;49;328.0;269.0;0.0;0.0;0.0
Barre;47;48;49;0.0;0.0;0.0
Noeud;51;317.0;280.0;0.0;0.0;0.0
Noeud;52;331.0;281.0;0.0;0.0;0.0
Barre;50;51;52;0.0;0.0;0.0
Noeud;54;327.0;270.0;0.0;0.0;0.0
Noeud;55;331.0;281.0;0.0;0.0;0.0
Barre;53;54;55;0.0;0.0;0.0
Noeud;57;273.0;270.0;0.0;0.0;0.0
Noeud;58;233.0;314.0;0.0;0.0;0.0
Barre;56;57;58;0.0;0.0;0.0
Noeud;60;355.0;265.0;0.0;0.0;0.0
Noeud;61;406.0;304.0;0.0;0.0;0.0
Barre;59;60;61;0.0;0.0;0.0
Noeud;63;301.0;383.0;0.0;0.0;0.0
Noeud;64;299.0;446.0;0.0;0.0;0.0
Barre;62;63;64;0.0;0.0;0.0
Noeud;66;343.0;388.0;0.0;0.0;0.0
Noeud;67;347.0;444.0;0.0;0.0;0.0
Barre;65;66;67;0.0;0.0;0.0
Noeud;69;301.0;448.0;0.0;0.0;0.0
Noeud;70;300.0;460.0;0.0;0.0;0.0
Barre;68;69;70;0.0;0.0;0.0
Noeud;72;300.0;447.0;0.0;0.0;0.0
Noeud;73;281.0;462.0;0.0;0.0;0.0
Barre;71;72;73;0.0;0.0;0.0
Noeud;75;346.0;445.0;0.0;0.0;0.0
Noeud;76;349.0;462.0;0.0;0.0;0.0
Barre;74;75;76;0.0;0.0;0.0
Noeud;78;346.0;446.0;0.0;0.0;0.0
Noeud;79;331.0;459.0;0.0;0.0;0.0
Barre;77;78;79;0.0;0.0;0.0
Groupe;0;1;4;5;6;7;8;11;14;17;20;23;26;29;32;35;38;41;44;47;50;53;56;59;62;65;68;71;74;77
