Noeud;2;10.0;10.0;0.0;0.0;0.0
Noeud;3;100.0;10.0;0.0;0.0;0.0
Barre;1;2;3;0.0;0.0;0.0
Noeud;5;10.0;100.0;0.0;0.0;0.0
Barre;4;2;5;0.0;0.0;0.0
Point;7;285.3333333333333;302.0;0.0;0.0;0.0
Point;8;330.0;362.6666666666667;0.0;0.0;0.0
Point;9;296.0;362.6666666666667;0.0;0.0;0.0
Triangle Terrain;6;7;8;9;1.0;0.0;1.0
Point;11;293.3333333333333;362.6666666666667;0.0;0.0;0.0
Point;12;264.6666666666667;362.0;0.0;0.0;0.0
Point;13;284.0;303.33333333333337;0.0;0.0;0.0
Triangle Terrain;10;11;12;13;1.0;0.0;1.0
Point;15;264.0;362.6666666666667;0.0;0.0;0.0
Point;16;233.33333333333331;360.6666666666667;0.0;0.0;0.0
Point;17;284.0;306.6666666666667;0.0;0.0;0.0
Triangle Terrain;14;15;16;17;1.0;0.0;1.0
Point;19;284.0;302.0;0.0;0.0;0.0
Point;20;280.0;253.99999999999997;0.0;0.0;0.0
Point;21;286.0;303.33333333333337;0.0;0.0;0.0
Triangle Terrain;18;19;20;21;1.0;0.0;1.0
Noeud;23;284.6666666666667;302.0;0.0;0.0;0.0
Noeud;24;294.0;252.66666666666666;0.0;0.0;0.0
Barre;22;23;24;1.0;0.0;1.0
Noeud;26;279.3333333333333;252.66666666666666;0.0;0.0;0.0
Noeud;27;270.6666666666667;250.66666666666666;0.0;0.0;0.0
Barre;25;26;27;1.0;0.0;1.0
Noeud;29;272.0;237.99999999999997;0.0;0.0;0.0
Noeud;30;277.3333333333333;237.99999999999997;0.0;0.0;0.0
Barre;28;29;30;1.0;0.0;1.0
Noeud;32;271.3333333333333;251.99999999999997;0.0;0.0;0.0
Noeud;33;271.3333333333333;240.66666666666666;0.0;0.0;0.0
Barre;31;32;33;1.0;0.0;1.0
Noeud;35;292.0;253.99999999999997;0.0;0.0;0.0
Noeud;36;304.0;252.66666666666666;0.0;0.0;0.0
Barre;34;35;36;1.0;0.0;1.0
Noeud;38;305.3333333333333;233.33333333333334;0.0;0.0;0.0
Noeud;39;303.3333333333333;249.99999999999997;0.0;0.0;0.0
Barre;37;38;39;1.0;0.0;1.0
Noeud;41;304.0;232.66666666666666;0.0;0.0;0.0
Noeud;42;292.6666666666667;234.66666666666666;0.0;0.0;0.0
Barre;40;41;42;1.0;0.0;1.0
Noeud;44;279.3333333333333;238.66666666666666;0.0;0.0;0.0
Noeud;45;280.0;227.33333333333331;0.0;0.0;0.0
Barre;43;44;45;0.0;0.0;0.0
Noeud;47;292.0;232.66666666666666;0.0;0.0;0.0
Noeud;48;291.3333333333333;228.0;0.0;0.0;0.0
Barre;46;47;48;0.0;0.0;0.0
Noeud;50;279.3333333333333;226.66666666666666;0.0;0.0;0.0
Noeud;51;245.33333333333331;217.33333333333331;0.0;0.0;0.0
Barre;49;50;51;0.0;0.0;0.0
Noeud;53;247.33333333333331;216.66666666666666;0.0;0.0;0.0
Noeud;54;247.33333333333331;170.66666666666666;0.0;0.0;0.0
Barre;52;53;54;0.0;0.0;0.0
Noeud;56;248.0;168.66666666666666;0.0;0.0;0.0
Noeud;57;289.3333333333333;160.0;0.0;0.0;0.0
Barre;55;56;57;0.0;0.0;0.0
Noeud;59;289.3333333333333;160.0;0.0;0.0;0.0
Noeud;60;332.0;168.66666666666666;0.0;0.0;0.0
Barre;58;59;60;0.0;0.0;0.0
Noeud;62;332.0;168.66666666666666;0.0;0.0;0.0
Noeud;63;326.6666666666667;218.66666666666666;0.0;0.0;0.0
Barre;61;62;63;0.0;0.0;0.0
Noeud;65;292.6666666666667;228.0;0.0;0.0;0.0
Noeud;66;326.0;218.0;0.0;0.0;0.0
Barre;64;65;66;0.0;0.0;0.0
Noeud;68;280.6666666666667;237.99999999999997;0.0;0.0;0.0
Noeud;69;286.0;239.99999999999997;0.0;0.0;0.0
Barre;67;68;69;1.0;0.0;1.0
Noeud;71;295.3333333333333;231.99999999999997;0.0;0.0;0.0
Noeud;72;285.3333333333333;236.66666666666666;0.0;0.0;0.0
Barre;70;71;72;1.0;0.0;1.0
Noeud;74;306.0;237.33333333333334;0.0;0.0;0.0
Noeud;75;328.0;269.33333333333337;0.0;0.0;0.0
Barre;73;74;75;0.0;0.0;0.0
Noeud;77;305.3333333333333;245.33333333333334;0.0;0.0;0.0
Noeud;78;316.0;271.33333333333337;0.0;0.0;0.0
Barre;76;77;78;0.0;0.0;0.0
Noeud;80;271.3333333333333;245.99999999999997;0.0;0.0;0.0
Noeud;81;234.0;281.33333333333337;0.0;0.0;0.0
Barre;79;80;81;0.0;0.0;0.0
Noeud;83;269.3333333333333;242.66666666666666;0.0;0.0;0.0
Noeud;84;234.0;272.0;0.0;0.0;0.0
Barre;82;83;84;0.0;0.0;0.0
Noeud;86;314.6666666666667;270.6666666666667;0.0;0.0;0.0
Noeud;87;307.3333333333333;274.6666666666667;0.0;0.0;0.0
Barre;85;86;87;0.0;0.0;0.0
Noeud;89;310.6666666666667;282.0;0.0;0.0;0.0
Noeud;90;308.0;275.33333333333337;0.0;0.0;0.0
Barre;88;89;90;0.0;0.0;0.0
Noeud;92;318.0;283.33333333333337;0.0;0.0;0.0
Noeud;93;310.6666666666667;280.6666666666667;0.0;0.0;0.0
Barre;91;92;93;0.0;0.0;0.0
Noeud;95;320.6666666666667;282.0;0.0;0.0;0.0
Noeud;96;326.6666666666667;268.6666666666667;0.0;0.0;0.0
Barre;94;95;96;0.0;0.0;0.0
Noeud;98;235.33333333333331;282.0;0.0;0.0;0.0
Noeud;99;226.0;280.6666666666667;0.0;0.0;0.0
Barre;97;98;99;0.0;0.0;0.0
Noeud;101;224.66666666666669;272.0;0.0;0.0;0.0
Noeud;102;234.0;272.0;0.0;0.0;0.0
Barre;100;101;102;0.0;0.0;0.0
Noeud;104;224.66666666666669;279.33333333333337;0.0;0.0;0.0
Noeud;105;222.66666666666669;272.6666666666667;0.0;0.0;0.0
Barre;103;104;105;0.0;0.0;0.0
Point;106;270.6666666666667;170.66666666666666;0.0;0.0;0.0
Point;107;305.3333333333333;171.33333333333331;0.0;0.0;0.0
Point;109;272.6666666666667;198.0;0.0;0.0;0.0
Point;110;287.3333333333333;208.66666666666666;0.0;0.0;0.0
Point;111;304.0;196.0;0.0;0.0;0.0
Triangle Terrain;108;109;110;111;1.0;0.0;1.0
Noeud;113;268.6666666666667;362.6666666666667;0.0;0.0;0.0
Noeud;114;262.6666666666667;412.0;0.0;0.0;0.0
Barre;112;113;114;0.0;0.0;0.0
Noeud;116;290.0;361.33333333333337;0.0;0.0;0.0
Noeud;117;291.3333333333333;406.6666666666667;0.0;0.0;0.0
Barre;115;116;117;0.0;0.0;0.0
Noeud;119;244.66666666666669;423.33333333333337;0.0;0.0;0.0
Noeud;120;260.0;410.0;0.0;0.0;0.0
Barre;118;119;120;0.0;0.0;0.0
Noeud;122;283.3333333333333;419.33333333333337;0.0;0.0;0.0
Noeud;123;289.3333333333333;405.33333333333337;0.0;0.0;0.0
Barre;121;122;123;0.0;0.0;0.0
Groupe;0;1;4;5;6;10;14;18;22;25;28;31;34;37;40;43;46;49;52;55;58;61;64;67;70;73;76;79;82;85;88;91;94;97;100;103;106;107;108;112;115;118;121
